4730882
4745882
4630882
4645882
50000
5
4831028
4831028
4831028
4831028
4831028
4831028
4831028
4831028
4831028
4831028
4831028
4831028
4831028
4831060
4831060
4831060
4831060
4831060
4831060
4831060
4831060
4830660
4830660
4830660
4830660
4830660
4830660
4830660
4830040
4830040
4830164
4830164
4830164
4830164
4830164
4830164
4830292
4830324
4830324
4830324
4830324
4830332
4830332
4830332
4830332
4830332
4830332
4830364
4830364
4830364
4830364
4830396
4830396
4830396
4830396
4830396
4830396
4830396
4830396
4830396
4830396
4830396
4830396
4830396
4830396
4830396
4830396
4830396
4830396
4830396
4830396
4830396
4830396
4830396
4830396
4830396
4830396
4830396
4830272
4830272
4830272
4830272
4830272
4830272
4830272
4830272
4830272
4830272
4830272
4830272
4830272
4830272
4830272
4830272
4830272
4830272
4830272
4830272
4830596
4830892
4830892
4830892
4830892
4830892
4830892
4830892
4830892
4830892
4830892
4830892
4830892
4830892
4830892
4830892
4830892
4830892
4830892
4830892
4830892
4830892
4830892
4831540
4831760
4831760
4831760
4831760
4831760
4831760
4831428
4831580
4831580
4831580
4831580
4831580
4831580
4831532
4831540
4831540
4831540
4831540
4831540
4831540
4831540
4831540
4831540
4831540
4831540
4831540
4831540
4831540
4831540
4831540
4831540
4831572
4831572
4831572
4831572
4831572
4831572
4831572
4831572
4831604
4831604
4831604
4831604
4831604
4831604
4831604
4831604
4831604
4831604
4831604
4831604
4831604
4831604
4831604
4831604
4831604
4831636
4831636
4831636
4831628
4831628
4831628
4831628
4831660
4831660
4831660
4831660
4831660
4831660
4831660
4831660
4831660
4831692
4831692
4831692
4831692
4831692
4831692
4831692
4831692
4831692
4831724
4831724
4831724
4831724
4831724
4831724
4831756
4831756
4831756
4831756
4831756
4831756
4831756
4831756
4831756
4831756
4831756
4831756
4831756
4831756
4831756
4831756
4831756
4831756
4831756
4831756
4831756
4831756
4831756
4831756
4831908
4831916
4831948
4831948
4831948
4831948
4831948
4831948
4831980
4832012
4832012
4832012
4832012
4832044
4832076
4832076
4832076
4832076
4832076
4832076
4832076
4832076
4832076
4832108
4832108
4832108
4832108
4832172
4832172
4832172
4832172
4831848
4832048
4832048
4832048
4832048
4832048
4832172
4832172
4832172
4832296
4832296
4832296
4832296
4832296
4832296
4832296
4832296
4832296
4832296
4832296
4832296
4832296
4832328
4832328
4832328
4832328
4832360
4832360
4832360
4832360
4832360
4832360
4832360
4832360
4832360
4832392
4832392
4832392
4832392
4832392
4832392
4832392
4832392
4832392
4832424
4832424
4832424
4832424
4832424
4832424
4832424
4832424
4832424
4832424
4832424
4832300
4832300
4832300
4832300
4832300
4832300
4832300
4832300
4832300
4832300
4832300
4832300
4832300
4832300
4832268
4832268
4832300
4832300
4832300
4832300
4832364
4832364
4832364
4832364
4832364
4832364
4832364
4832364
4832364
4832364
4832364
4832396
4832396
4832396
4832396
4832396
4832396
4832396
4832396
4832048
4831544
4831544
4831544
4831544
4831544
4831544
4831544
4831544
4831544
4831544
4831544
4831544
4831544
4831544
4831544
4831544
4831544
4831544
4831544
4831544
4831544
4831544
4831544
4831544
4831544
4831544
4831544
4831544
4831544
4831576
4831576
4831576
4831576
4831576
4831576
4831576
4831576
4831196
4831312
4831328
4831328
4831328
4831328
4831328
4831328
4831328
4831328
4831328
4831328
4831328
4831328
4831328
4831360
4831360
4831424
4831456
4831456
4831456
4831456
4831456
4831456
4831456
4831456
4831456
4831456
4831456
4831456
4831456
4831456
4831456
4831456
4831456
4831660
4831796
4831828
4831828
4831828
4831828
4831828
4831892
4831892
4831892
4831924
4831924
4830808
4831800
4831808
4831808
4831808
4831808
4831808
4831808
4831808
4831808
4831808
4831808
4831808
4831808
4831840
4831872
4831872
4831872
4831872
4831872
4831872
4831872
4831872
4831872
4831872
4831872
4831872
4831872
4831872
4831120
4831172
4831172
4831172
4831172
4831180
4831180
4831180
4831212
4831244
4831244
4831244
4831244
4831244
4831244
4831244
4831244
4831244
4831276
4831276
4831276
4831276
